4.64345,5.00854,360.588,
4.64329,5.00764,358.026,
4.64312,5.00674,356.736,
4.64247,5.00313,366.121,
4.64246,5.0022,374.922,
4.64275,5.00132,380.587,
4.64377,5.0103,361.399,
4.64361,5.00942,363.36,
4.64325,5.00054,372.061,
4.64398,4.99996,362.436,
4.6441,5.01208,360.259,
4.64394,5.01119,361.11,
4.64576,5.02118,351.616,
4.6456,5.02028,352.758,
4.64543,5.01937,353.685,
4.64477,5.01573,356.691,
4.6446,5.0148,357.618,
4.64443,5.01388,358.334,
4.64527,5.01846,354.371,
4.6451,5.01755,355.115,
4.64493,5.01664,355.88,
4.64593,5.02209,350.837,
4.64426,5.01298,358.915,
4.64296,5.00584,357.198,
4.64279,5.00493,358.07,
4.64263,5.00403,361.071,
4.64485,4.99964,357.808,
4.64579,4.9996,353.249,
4.65273,5.00046,334.052,
4.65364,5.00057,332.505,
4.65455,5.00068,330.658,
4.64663,4.99971,349.471,
4.64747,4.99981,346.067,
4.68995,5.00509,270.432,
4.69091,5.00521,269.172,
4.69187,5.00533,267.799,
4.69571,5.00581,262.551,
4.69667,5.00593,261.139,
4.69763,5.00605,259.628,
4.67479,5.00319,294.572,
4.67573,5.00331,292.66,
4.67667,5.00343,290.946,
4.66737,5.00227,309.019,
4.66829,5.00239,307.894,
4.6692,5.0025,306.53,
4.65092,5.00024,336.042,
4.65182,5.00035,335.103,
4.6776,5.00355,289.636,
4.67853,5.00366,288.384,
4.68324,5.00425,280.097,
4.6842,5.00437,278.754,
4.68228,5.00413,281.462,
4.70349,5.00678,252.351,
4.70445,5.0069,250.816,
4.70151,5.00653,254.474,
4.7025,5.00665,253.409,
4.65545,5.00079,328.552,
4.65636,5.00091,327.086,
4.64831,4.99991,343.684,
4.64915,5.00002,340.894,
4.65004,5.00013,338.051,
4.65727,5.00102,326.525,
4.65818,5.00113,325.466,
4.65909,5.00124,324.344,
4.66,5.00136,323.31,
4.69956,5.00629,256.693,
4.70054,5.00641,255.55,
4.69379,5.00557,264.996,
4.69475,5.00569,263.765,
4.67013,5.00261,304.775,
4.67105,5.00273,302.64,
4.66091,5.00147,322.036,
4.66182,5.00158,320.504,
4.66365,5.00181,316.859,
4.66457,5.00192,314.851,
4.6655,5.00204,312.601,
4.66643,5.00216,310.571,
4.6986,5.00617,258.089,
4.66274,5.0017,318.715,
4.68803,5.00485,272.725,
4.68899,5.00497,271.572,
4.68516,5.00449,277.257,
4.68612,5.00461,275.667,
4.68708,5.00473,274.119,
4.69283,5.00545,266.359,
4.67947,5.00378,286.758,
4.68042,5.0039,284.96,
4.68135,5.00401,283.121,
4.672,5.00285,300.322,
4.67294,5.00296,298.329,
4.67386,5.00308,296.464,
4.64693,5.02759,344.751,
4.64676,5.02668,345.873,
4.64709,5.0285,343.531,
4.6466,5.02576,347.305,
4.64643,5.02485,348.513,
4.64845,5.03597,339.366,
4.64828,5.03503,339.839,
4.64811,5.03409,339.874,
4.64778,5.03225,340.03,
4.6476,5.0313,340.754,
4.64743,5.03036,341.612,
4.66286,5.11544,194.786,
4.66267,5.11439,195.722,
4.66248,5.11333,196.721,
4.66133,5.10706,205.046,
4.66114,5.10603,206.217,
4.66096,5.10501,207.466,
4.70542,5.00702,248.812,
4.64726,5.02943,342.456,
4.64794,5.03317,339.636,
4.64609,5.02299,350.011,
4.64626,5.02392,349.2,
4.65207,5.05591,315.947,
4.6519,5.05494,317.573,
4.65225,5.05687,314.228,
4.71033,5.00763,240.442,
4.71131,5.00775,239.044,
4.70936,5.00751,241.989,
4.71231,5.00788,237.893,
4.7133,5.008,236.74,
4.70639,5.00714,246.685,
4.70737,5.00726,245.02,
4.6547,5.07056,273.385,
4.65452,5.06957,277.095,
4.65434,5.06857,280.298,
4.66001,5.09982,214.282,
4.65983,5.0988,215.777,
4.6602,5.10084,212.85,
4.65577,5.07648,250.978,
4.65559,5.07549,251.577,
4.65541,5.07449,251.713,
4.65704,5.0835,238.866,
4.65686,5.0825,240.003,
4.65723,5.0845,237.822,
4.65381,5.06563,293.611,
4.65364,5.06466,302.412,
4.65399,5.0666,286.626,
4.65173,5.05397,319.188,
4.65155,5.05299,320.772,
4.6512,5.05109,322.582,
4.65103,5.05013,323.151,
4.65085,5.04918,323.823,
4.65016,5.04537,326.986,
4.64999,5.04442,328.17,
4.64982,5.04348,329.213,
4.65312,5.06172,307.371,
4.65294,5.06075,308.589,
4.65329,5.06269,306.449,
4.66039,5.10188,211.501,
4.66058,5.10291,210.154,
4.65964,5.09776,217.25,
4.65945,5.09672,218.61,
4.65346,5.06367,305.51,
4.65417,5.06758,282.814,
4.65277,5.05977,309.873,
4.65259,5.05879,311.158,
4.65523,5.0735,255.084,
4.65505,5.07251,261.409,
4.65242,5.05783,312.419,
4.71527,5.00825,234.126,
4.71628,5.00837,232.743,
4.71729,5.0085,231.493,
4.71429,5.00813,235.476,
4.7183,5.00863,230.433,
4.70836,5.00739,243.567,
4.65068,5.04823,324.383,
4.65051,5.04728,325.132,
4.6493,5.04064,333.011,
4.64913,5.03971,334.26,
4.64948,5.04158,331.74,
4.65668,5.08149,241.605,
4.6565,5.08049,243.566,
4.65889,5.09365,222.197,
4.6587,5.09261,223.668,
4.65908,5.09468,220.868,
4.65138,5.05204,321.796,
4.64897,5.03878,335.594,
4.6488,5.03786,336.804,
4.65488,5.07154,267.841,
4.65632,5.07949,245.795,
4.65614,5.07848,247.99,
4.65595,5.07748,249.691,
4.64863,5.03691,338.114,
4.64965,5.04253,330.255,
4.65034,5.04633,325.946,
4.65926,5.0957,219.756,
4.65796,5.08852,234.506,
4.65777,5.08751,235.252,
4.65759,5.08651,236.068,
4.65741,5.08551,236.922,
4.66077,5.10396,208.79,
4.66152,5.1081,203.574,
4.66171,5.10914,202.206,
4.65852,5.09159,226.085,
4.65833,5.09058,229.225,
4.65814,5.08955,232.443,
4.66305,5.11649,193.901,
4.66209,5.11123,199.439,
4.6619,5.11019,200.883,
4.66228,5.11228,198.002,
4.7691,5.01495,175.087,
4.77019,5.01508,174.782,
4.77128,5.01522,174.412,
4.77993,5.01629,162.586,
4.78103,5.01643,161.987,
4.78213,5.01656,161.489,
4.75209,5.01283,190.431,
4.75315,5.01296,189.309,
4.75421,5.0131,188.27,
4.75527,5.01323,187.353,
4.75633,5.01336,186.437,
4.76269,5.01415,179.991,
4.76375,5.01428,178.964,
4.76482,5.01441,177.898,
4.77557,5.01575,166.999,
4.77667,5.01589,165.756,
4.77776,5.01602,164.513,
4.78433,5.01684,159.309,
4.78541,5.01697,157.766,
4.7865,5.0171,156.602,
4.72031,5.00888,228.21,
4.72132,5.009,226.948,
4.7193,5.00875,229.378,
4.73548,5.01077,209.456,
4.7365,5.01089,208.362,
4.73753,5.01102,207.295,
4.74793,5.01232,195.998,
4.74897,5.01245,195.11,
4.75002,5.01258,193.659,
4.75106,5.0127,191.907,
4.73857,5.01115,205.96,
4.73962,5.01128,204.523,
4.72637,5.00963,220.907,
4.72738,5.00976,219.534,
4.72536,5.00951,222.19,
4.73041,5.01014,215.725,
4.73142,5.01026,214.627,
4.7294,5.01001,216.83,
4.77235,5.01535,172.99,
4.77342,5.01548,170.799,
4.77449,5.01562,168.669,
4.78323,5.0167,160.656,
4.76589,5.01455,176.885,
4.76695,5.01468,176.008,
4.76803,5.01481,175.446,
4.77884,5.01615,163.464,
4.75845,5.01362,184.185,
4.75951,5.01375,182.982,
4.76057,5.01389,181.874,
4.76163,5.01402,180.928,
4.78761,5.01724,155.867,
4.78872,5.01738,155.113,
4.78983,5.01752,154.195,
4.79094,5.01765,153.184,
4.72839,5.00988,218.125,
4.74376,5.0118,199.659,
4.74479,5.01193,198.579,
4.74582,5.01205,197.487,
4.74167,5.01154,201.777,
4.74271,5.01167,200.709,
4.72233,5.00913,225.64,
4.72334,5.00925,224.406,
4.72435,5.00938,223.291,
4.73243,5.01039,213.383,
4.73344,5.01051,212.064,
4.73446,5.01064,210.707,
4.74687,5.01218,196.605,
4.75739,5.01349,185.353,
4.74064,5.01141,203.078,
4.66698,5.13796,172.961,
4.66678,5.13686,173.351,
4.66718,5.13906,172.276,
4.67649,5.18977,127.157,
4.67627,5.1886,128.325,
4.6767,5.19094,125.643,
4.6793,5.20506,115.858,
4.67908,5.20387,116.67,
4.67886,5.20268,117.429,
4.665,5.12715,183.81,
4.6648,5.12607,184.7,
4.6652,5.12824,182.491,
4.6804,5.21105,112.14,
4.68018,5.20985,112.905,
4.68062,5.21226,111.324,
4.68218,5.22069,106.512,
4.68195,5.21948,107.153,
4.6824,5.22189,105.951,
4.67584,5.18624,129.694,
4.67563,5.18509,130.234,
4.67541,5.18394,130.758,
4.68284,5.2243,105.065,
4.68262,5.2231,105.49,
4.6752,5.18278,131.272,
4.67499,5.18163,131.771,
4.66658,5.13578,173.617,
4.66638,5.13469,174.059,
4.66878,5.14778,160.276,
4.66858,5.14668,160.873,
4.66838,5.14558,161.462,
4.68151,5.21707,108.503,
4.68129,5.21587,109.131,
4.68107,5.21466,109.764,
4.66442,5.12395,187.074,
4.66422,5.12288,188.757,
4.66403,5.12181,190.023,
4.66619,5.13362,174.758,
4.66599,5.13255,175.556,
4.67021,5.15557,154.91,
4.67,5.15446,156.272,
4.67041,5.15669,153.164,
4.66959,5.1522,157.878,
4.66939,5.15109,158.505,
4.66918,5.14999,159.113,
4.67227,5.16681,144.602,
4.67206,5.16569,145.264,
4.67248,5.16793,144.002,
4.67289,5.17021,143.354,
4.67268,5.16907,143.593,
4.67124,5.16118,148.867,
4.67103,5.16005,149.533,
4.67082,5.15891,150.16,
4.67062,5.1578,151.405,
4.66757,5.14121,167.998,
4.66738,5.14013,170.397,
4.68307,5.22553,104.227,
4.67478,5.18048,132.292,
4.67457,5.17933,132.803,
4.6698,5.15333,157.117,
4.67996,5.20865,113.574,
4.67974,5.20745,114.254,
4.67821,5.19915,119.561,
4.67799,5.19796,120.434,
4.67843,5.20034,118.758,
4.67864,5.20151,118.095,
4.67952,5.20625,115.026,
4.67713,5.19326,122.996,
4.67691,5.1921,124.084,
4.67756,5.19563,121.935,
4.67735,5.19444,122.487,
4.68084,5.21346,110.508,
4.68173,5.21828,107.838,
4.67778,5.19679,121.234,
4.67606,5.18742,129.045,
4.67436,5.17818,133.541,
4.67415,5.17703,134.397,
4.66818,5.14448,162.297,
4.66797,5.14339,163.281,
4.66898,5.14889,159.702,
4.66777,5.1423,165.372,
4.67331,5.1725,142.372,
4.6731,5.17135,142.988,
4.67165,5.16342,147.113,
4.67144,5.1623,148.038,
4.67186,5.16455,146.139,
4.67394,5.17589,136.232,
4.67373,5.17475,138.526,
4.67352,5.17363,140.674,
4.66383,5.12074,190.727,
4.66363,5.11966,191.493,
4.66325,5.11755,193.039,
4.66344,5.1186,192.249,
4.66461,5.12501,185.633,
4.66579,5.13146,177.038,
4.66559,5.13037,178.966,
4.6654,5.1293,180.908,
4.8021,5.01904,145.196,
4.80324,5.01918,144.922,
4.80438,5.01932,144.592,
4.79873,5.01862,146.793,
4.79985,5.01876,146.017,
4.79762,5.01848,147.687,
4.79539,5.01821,149.526,
4.7965,5.01834,148.626,
4.86539,5.02687,100.742,
4.86663,5.02702,100.81,
4.86787,5.02718,100.91,
4.87152,5.02763,96.2536,
4.87274,5.02778,95.0624,
4.8703,5.02748,97.9012,
4.8752,5.02808,93.342,
4.87644,5.02823,92.5148,
4.87769,5.02839,91.8107,
4.86908,5.02733,99.8736,
4.87892,5.02854,91.3205,
4.88015,5.02869,90.8217,
4.86294,5.02656,100.996,
4.86417,5.02672,100.786,
4.87397,5.02793,94.2206,
4.88265,5.029,89.6257,
4.88389,5.02915,89.0042,
4.88512,5.0293,88.4295,
4.8814,5.02884,90.2515,
4.88638,5.02946,87.914,
4.88765,5.02962,87.3983,
4.85209,5.02522,110.091,
4.8533,5.02537,110.72,
4.85089,5.02507,109.964,
4.8055,5.01946,143.346,
4.80662,5.0196,141.431,
4.80775,5.01974,139.576,
4.80888,5.01988,138.122,
4.8123,5.0203,135.015,
4.81343,5.02044,134.232,
4.81117,5.02016,135.945,
4.83662,5.02331,118.432,
4.83782,5.02346,118.036,
4.83901,5.02361,117.573,
4.82612,5.02201,125.005,
4.82728,5.02216,124.139,
4.82496,5.02187,125.941,
4.83545,5.02316,118.87,
4.83427,5.02302,119.42,
4.85807,5.02596,104.006,
4.85929,5.02611,103.133,
4.8605,5.02626,102.26,
4.86172,5.02641,101.539,
4.82031,5.02129,128.94,
4.82147,5.02144,128.303,
4.82263,5.02158,127.646,
4.80098,5.0189,145.517,
4.84018,5.02375,116.726,
4.84135,5.0239,115.591,
4.82379,5.02172,126.836,
4.81459,5.02058,133.697,
4.81574,5.02073,133.249,
4.88891,5.02977,86.8209,
4.89017,5.02993,86.1952,
4.8557,5.02567,107.433,
4.85689,5.02582,105.355,
4.81804,5.02101,131.34,
4.81918,5.02115,129.971,
4.81689,5.02087,132.52,
4.84372,5.02419,113.594,
4.84492,5.02434,113.168,
4.84612,5.02448,112.936,
4.79205,5.01779,152.134,
4.79316,5.01793,151.166,
4.79428,5.01807,150.344,
4.81002,5.02002,137.036,
4.83193,5.02273,121.008,
4.8331,5.02288,120.171,
4.84732,5.02463,112.385,
4.84852,5.02478,111.435,
4.8497,5.02493,110.526,
4.84253,5.02404,114.459,
4.8545,5.02552,109.761,
4.82961,5.02244,122.677,
4.83077,5.02259,121.864,
4.82844,5.0223,123.407,
4.8927,5.03024,84.9269,
4.89396,5.03039,84.374,
4.89522,5.03055,83.8293,
4.93138,5.03501,68.0289,
4.93269,5.03517,67.5792,
4.93401,5.03533,67.1343,
4.92218,5.03387,71.3829,
4.92349,5.03404,70.8809,
4.92087,5.03371,71.9304,
4.89648,5.03071,83.1821,
4.89775,5.03086,82.4896,
4.90408,5.03164,79.4544,
4.90535,5.0318,78.8124,
4.90281,5.03149,80.0573,
4.91179,5.03259,75.8974,
4.91307,5.03275,75.2601,
4.9105,5.03243,76.4933,
4.91956,5.03355,72.4937,
4.91824,5.03339,73.0311,
4.92743,5.03452,69.5391,
4.92875,5.03468,69.0361,
4.92612,5.03436,70.0098,
4.91567,5.03307,73.9997,
4.91695,5.03323,73.5143,
4.91437,5.03291,74.5999,
4.89143,5.03008,85.543,
4.90791,5.03211,77.542,
4.90921,5.03227,77.0125,
4.92481,5.0342,70.4443,
4.89901,5.03102,81.7752,
4.90028,5.03117,81.1249,
4.90663,5.03196,78.1518,
4.90154,5.03133,80.5908,
4.93532,5.03549,66.6277,
4.93664,5.03566,66.0895,
4.93006,5.03484,68.5201,
4.99977,5.04343,46.4528,
5.00119,5.0436,46.1562,
5.00261,5.04378,45.8433,
5.01554,5.04537,43.1082,
5.017,5.04555,42.961,
5.01408,5.04519,43.2813,
5.02279,5.04626,41.4091,
5.02425,5.04644,41.2006,
5.02572,5.04662,40.9793,
4.95268,5.03763,60.2717,
4.95404,5.0378,59.7307,
4.95541,5.03797,59.2385,
5.02718,5.0468,40.7235,
5.02865,5.04698,40.4449,
5.04933,5.04953,36.7978,
5.05083,5.04971,36.5878,
5.05234,5.0499,36.3793,
5.03158,5.04734,39.8875,
5.03305,5.04752,39.6455,
5.03451,5.04771,39.4062,
5.05383,5.05008,36.1547,
5.05532,5.05027,35.9167,
5.05683,5.05045,35.6689,
5.05835,5.05064,35.4351,
4.9473,5.03697,62.1298,
4.94865,5.03713,61.6984,
4.95,5.0373,61.2755,
5.08895,5.05441,31.2994,
5.09051,5.0546,31.2439,
5.09207,5.05479,31.169,
4.93928,5.03598,65.0364,
4.94061,5.03614,64.5948,
4.94194,5.03631,64.1543,
5.09363,5.05498,31.003,
5.09518,5.05517,30.7654,
5.08582,5.05402,31.4343,
5.08738,5.05421,31.3597,
5.07048,5.05213,33.6865,
5.07201,5.05232,33.4832,
5.07353,5.05251,33.2747,
5.07659,5.05289,32.954,
5.07814,5.05308,32.8272,
5.07969,5.05327,32.6696,
5.07506,5.0527,33.0946,
5.01121,5.04484,44.1129,
5.01265,5.04501,43.6315,
4.9801,5.04101,52.1066,
4.98148,5.04118,51.8631,
4.98287,5.04135,51.6714,
5.00836,5.04449,44.9801,
5.00979,5.04466,44.5973,
5.00547,5.04413,45.3832,
5.00692,5.04431,45.2082,
4.99835,5.04325,46.7287,
4.99693,5.04308,47.0026,
4.95134,5.03747,60.7892,
4.98428,5.04152,51.6842,
4.98569,5.04169,51.8945,
4.98709,5.04187,51.4372,
4.98849,5.04204,50.3762,
4.99127,5.04238,48.7874,
4.99268,5.04256,48.3266,
4.9941,5.04273,47.8454,
5.01991,5.04591,42.2564,
5.02135,5.04608,41.7646,
5.01845,5.04573,42.6934,
5.03011,5.04716,40.1583,
4.99552,5.0429,47.3917,
5.00404,5.04395,45.581,
4.9773,5.04066,52.8626,
4.9787,5.04083,52.4589,
4.94329,5.03647,63.6561,
4.94464,5.03664,63.1308,
4.94597,5.0368,62.6121,
4.97316,5.04015,54.0221,
4.97454,5.04032,53.6714,
4.97179,5.03998,54.3788,
4.95677,5.03813,58.8346,
4.95814,5.0383,58.4312,
4.98988,5.04221,49.4249,
4.9595,5.03847,57.9933,
4.96086,5.03864,57.5349,
4.96496,5.03914,56.3282,
4.96632,5.03931,55.976,
4.96359,5.03897,56.682,
4.96769,5.03948,55.5932,
4.96905,5.03965,55.1863,
4.96223,5.03881,57.0896,
4.93796,5.03582,65.5431,
4.97592,5.04049,53.2747,
4.97042,5.03981,54.7716,
5.09673,5.05536,30.5241,
5.09828,5.05555,30.3382,
5.1366,5.06027,26.7884,
5.13824,5.06047,26.7056,
5.13989,5.06068,26.595,
5.13014,5.05948,27.2798,
5.13174,5.05967,27.0629,
5.13334,5.05987,26.9157,
5.08121,5.05345,32.403,
5.08274,5.05364,32.0491,
5.08428,5.05383,31.6756,
5.05986,5.05083,35.2266,
5.06138,5.05101,35.0213,
5.11092,5.05711,28.727,
5.1125,5.0573,28.5922,
5.11409,5.0575,28.4717,
5.12693,5.05908,27.6643,
5.12853,5.05928,27.4973,
5.13497,5.06007,26.8493,
5.03598,5.04789,39.1334,
5.03745,5.04807,38.8439,
5.03893,5.04825,38.551,
5.0404,5.04843,38.2799,
5.04336,5.04879,37.8148,
5.04486,5.04898,37.5586,
5.04636,5.04916,37.2913,
5.04785,5.04935,37.0346,
5.0629,5.0512,34.7875,
5.06441,5.05139,34.5416,
5.06593,5.05157,34.2945,
5.06745,5.05176,34.0672,
5.06897,5.05195,33.876,
5.04188,5.04861,38.047,
5.1237,5.05868,27.8426,
5.12531,5.05888,27.7641,
5.11569,5.0577,28.3797,
5.11729,5.05789,28.28,
5.12047,5.05829,28.0444,
5.12209,5.05849,27.9322,
5.11888,5.05809,28.1675,
5.10144,5.05594,30.1803,
5.10303,5.05614,30.109,
5.10463,5.05634,30.0013,
5.1062,5.05653,29.727,
5.10777,5.05672,29.3773,
5.10934,5.05692,29.0132,
5.09986,5.05575,30.2393,
5.21397,5.06979,22.7717,
5.21571,5.07,22.7209,
5.21745,5.07022,22.6701,
5.14151,5.06087,26.4698,
5.14313,5.06107,26.357,
5.15629,5.06269,25.5576,
5.15794,5.0629,25.3624,
5.15958,5.0631,25.2127,
5.14966,5.06188,25.9354,
5.15132,5.06208,25.8697,
5.15299,5.06229,25.8421,
5.14476,5.06127,26.2382,
5.14639,5.06147,26.1297,
5.15464,5.06249,25.7435,
5.14803,5.06168,26.0326,
5.16291,5.06351,25.0251,
5.16458,5.06371,24.9516,
5.16625,5.06392,24.875,
5.22445,5.07108,22.4408,
5.22621,5.0713,22.3933,
5.2192,5.07043,22.6137,
5.22096,5.07065,22.5542,
5.20355,5.06851,23.1459,
5.20527,5.06872,23.09,
5.207,5.06893,23.0356,
5.20873,5.06915,22.9727,
5.21047,5.06936,22.9052,
5.18986,5.06682,23.8506,
5.19157,5.06703,23.784,
5.19328,5.06724,23.6668,
5.18306,5.06599,24.0149,
5.18475,5.0662,23.9554,
5.18644,5.0664,23.9018,
5.17628,5.06515,24.3574,
5.17797,5.06536,24.2716,
5.17966,5.06557,24.1818,
5.18815,5.06661,23.8679,
5.16792,5.06413,24.7881,
5.16959,5.06433,24.6945,
5.2227,5.07086,22.4954,
5.17293,5.06474,24.5104,
5.17461,5.06495,24.4333,
5.2001,5.06808,23.2855,
5.20182,5.0683,23.2125,
5.18136,5.06578,24.0936,
5.17126,5.06454,24.5993,
5.21222,5.06958,22.8353,
5.19666,5.06766,23.4391,
5.19838,5.06787,23.3627,
5.19497,5.06745,23.538,
5.16125,5.0633,25.1153,
5.31556,5.08229,20.7562,
5.31746,5.08252,20.7367,
5.31937,5.08275,20.7163,
5.30054,5.08044,20.9089,
5.30241,5.08067,20.8906,
5.30428,5.0809,20.8724,
5.2968,5.07998,20.9534,
5.29867,5.08021,20.9303,
5.28565,5.07861,21.0787,
5.28751,5.07884,21.0537,
5.28937,5.07906,21.0308,
5.28198,5.07816,21.1984,
5.28382,5.07838,21.1318,
5.32696,5.08369,20.646,
5.32885,5.08392,20.6293,
5.33075,5.08416,20.6119,
5.24927,5.07413,21.8119,
5.25108,5.07436,21.7751,
5.25288,5.07458,21.7366,
5.25647,5.07502,21.6649,
5.25828,5.07524,21.6377,
5.26009,5.07546,21.615,
5.22798,5.07151,22.3468,
5.23506,5.07238,22.1351,
5.23683,5.0726,22.0936,
5.2386,5.07282,22.0524,
5.33267,5.08439,20.5943,
5.33459,5.08463,20.578,
5.3423,5.08558,20.5188,
5.34424,5.08581,20.5026,
5.34617,5.08605,20.4878,
5.38151,5.0904,20.2975,
5.3835,5.09064,20.2898,
5.38549,5.09089,20.2822,
5.36966,5.08894,20.3534,
5.37163,5.08918,20.3444,
5.3736,5.08943,20.3356,
5.37755,5.08991,20.3162,
5.37953,5.09015,20.3065,
5.35396,5.08701,20.4383,
5.35592,5.08725,20.4258,
5.35788,5.08749,20.4143,
5.2619,5.07569,21.5782,
5.26371,5.07591,21.5243,
5.33652,5.08486,20.564,
5.33844,5.0851,20.5503,
5.34813,5.08629,20.4757,
5.35008,5.08653,20.4637,
5.35982,5.08773,20.4046,
5.36177,5.08797,20.395,
5.34037,5.08534,20.5349,
5.25467,5.0748,21.6994,
5.36374,5.08821,20.3848,
5.36571,5.08846,20.3741,
5.35202,5.08677,20.4512,
5.36768,5.0887,20.3634,
5.27462,5.07725,21.365,
5.27647,5.07748,21.353,
5.27832,5.07771,21.3346,
5.28015,5.07793,21.2751,
5.37558,5.08967,20.3261,
5.29121,5.07929,21.0149,
5.29306,5.07952,20.9974,
5.27096,5.0768,21.3869,
5.27279,5.07703,21.3726,
5.3875,5.09114,20.274,
5.38951,5.09138,20.2655,
5.2457,5.07369,21.8814,
5.24749,5.07391,21.8465,
5.24215,5.07326,21.9644,
5.24392,5.07347,21.9213,
5.24037,5.07304,22.0091,
5.22975,5.07173,22.2945,
5.23152,5.07195,22.2394,
5.23329,5.07217,22.1849,
5.32314,5.08322,20.6777,
5.32505,5.08345,20.6618,
5.31178,5.08182,20.7915,
5.31367,5.08205,20.7737,
5.30803,5.08136,20.8321,
5.30991,5.08159,20.8113,
5.32125,5.08299,20.6962,
5.26551,5.07613,21.4692,
5.2673,5.07635,21.4296,
5.26913,5.07658,21.4077,
5.30615,5.08113,20.8529,
5.29493,5.07975,20.9766,
5.3915,5.09163,20.2574,
5.3935,5.09187,20.2497,
5.44671,5.09842,20.1154,
5.44882,5.09868,20.1142,
5.45092,5.09893,20.1131,
5.45928,5.09996,20.0898,
5.46141,5.10022,20.0865,
5.46353,5.10048,20.0831,
5.47202,5.10153,20.0728,
5.47414,5.10179,20.0705,
5.47627,5.10205,20.0681,
5.49339,5.10415,20.0523,
5.49554,5.10442,20.0506,
5.49768,5.10468,20.049,
5.5151,5.10682,20.0366,
5.51729,5.10709,20.0352,
5.39552,5.09212,20.243,
5.39754,5.09237,20.2364,
5.46777,5.10101,20.077,
5.4699,5.10127,20.0749,
5.39956,5.09262,20.2291,
5.40159,5.09287,20.2216,
5.40563,5.09337,20.2073,
5.40766,5.09361,20.2017,
5.40968,5.09386,20.196,
5.40361,5.09312,20.2142,
5.44254,5.0979,20.1195,
5.44463,5.09816,20.1171,
5.453,5.09919,20.1086,
5.45509,5.09945,20.1011,
5.41374,5.09436,20.184,
5.41578,5.09461,20.1781,
5.41782,5.09486,20.1727,
5.41988,5.09512,20.168,
5.42193,5.09537,20.1634,
5.42397,5.09562,20.1586,
5.42601,5.09587,20.1536,
5.41171,5.09411,20.1901,
5.43423,5.09688,20.1359,
5.4363,5.09714,20.1316,
5.43838,5.09739,20.1272,
5.44046,5.09765,20.1231,
5.43013,5.09638,20.1439,
5.43218,5.09663,20.1399,
5.48479,5.1031,20.0601,
5.48693,5.10336,20.0582,
5.48907,5.10362,20.0562,
5.49123,5.10389,20.0542,
5.45719,5.0997,20.0945,
5.42807,5.09613,20.1486,
5.4784,5.10231,20.0658,
5.48052,5.10257,20.0637,
5.48265,5.10283,20.0619,
5.49986,5.10495,20.0473,
5.50203,5.10522,20.0455,
5.50421,5.10548,20.0437,
5.50638,5.10575,20.0421,
5.50856,5.10602,20.0408,
5.51074,5.10629,20.0394,
5.51292,5.10655,20.038,
5.46565,5.10074,20.0798,
4.68374,5.2292,100.686,
4.68352,5.22798,101.706,
4.68329,5.22676,103,
4.6851,5.23659,96.8947,
4.68487,5.23535,97.6435,
4.68465,5.23411,98.3238,
4.68601,5.24151,94.2522,
4.68578,5.24027,94.8422,
4.68555,5.23903,95.4317,
4.68397,5.23043,100.019,
4.6842,5.23167,99.3962,
4.68442,5.23289,98.8634,
4.68693,5.2465,91.4255,
4.6867,5.24525,92.1105,
4.68647,5.244,92.8537,
4.68533,5.23781,96.1298,
4.68624,5.24275,93.5767,
4.68972,5.26164,83.6122,
4.68948,5.26038,84.306,
4.68925,5.25912,85.2376,
4.71614,5.40485,40.3204,
4.71587,5.40336,40.5065,
4.71559,5.40186,40.623,
4.69741,5.30336,66.8445,
4.69716,5.30202,67.1259,
4.69691,5.30068,67.5289,
4.71341,5.39007,42.5153,
4.71314,5.38862,42.6865,
4.71288,5.38716,42.8744,
4.71396,5.39304,42.3528,
4.71369,5.39156,42.4069,
4.70809,5.36123,49.3732,
4.70783,5.35982,49.9033,
4.70756,5.3584,50.2288,
4.7145,5.39597,41.6303,
4.71423,5.3945,42.0958,
4.70089,5.32225,60.0056,
4.70064,5.32087,60.2887,
4.70038,5.31949,60.617,
4.71532,5.40038,40.6749,
4.71504,5.3989,40.8189,
4.7019,5.32771,57.7885,
4.70165,5.32635,58.2929,
4.7014,5.32499,58.9887,
4.71234,5.38425,43.3659,
4.71207,5.3828,43.6281,
4.7118,5.38135,43.8617,
4.71073,5.37555,44.7618,
4.71046,5.3741,45.4374,
4.7102,5.37266,46.2783,
4.69448,5.28746,73.0114,
4.69423,5.28616,73.4061,
4.69399,5.28485,73.8052,
4.6979,5.30605,66.2044,
4.69766,5.30471,66.5699,
4.69545,5.29276,70.715,
4.69521,5.29144,71.5853,
4.69497,5.29012,72.2308,
4.69066,5.26675,81.8012,
4.69042,5.26548,82.2934,
4.69019,5.26421,82.7579,
4.68879,5.25658,86.6481,
4.68855,5.2553,87.0601,
4.68831,5.25402,87.5333,
4.69303,5.27964,75.6827,
4.69279,5.27834,76.0386,
4.69256,5.27705,76.3466,
4.70497,5.34432,52.9468,
4.70471,5.34293,53.4391,
4.70445,5.34154,54.1581,
4.70548,5.34712,52.4341,
4.70522,5.34572,52.7021,
4.70292,5.33322,56.5352,
4.70266,5.33185,56.8819,
4.70241,5.33048,57.2062,
4.69939,5.31408,62.4741,
4.69914,5.31273,62.7796,
4.69889,5.31139,63.0541,
4.70013,5.31814,61.069,
4.69988,5.31679,61.5748,
4.69839,5.3087,64.6296,
4.69815,5.30738,65.5176,
4.69472,5.28879,72.6105,
4.69667,5.29937,67.994,
4.69643,5.29805,68.4255,
4.69351,5.28225,74.7528,
4.69327,5.28094,75.2424,
4.69375,5.28355,74.2587,
4.69232,5.27576,77.1025,
4.69208,5.27447,78.2604,
4.69618,5.29671,68.8033,
4.69594,5.29538,69.1743,
4.68785,5.25151,88.8751,
4.68762,5.25026,89.5949,
4.68739,5.24901,90.2684,
4.68902,5.25785,86.0783,
4.69569,5.29407,69.8273,
4.72314,5.44272,34.2877,
4.72286,5.44119,34.8079,
4.72229,5.4381,34.8909,
4.722,5.43656,34.8748,
4.72172,5.43502,34.9225,
4.68995,5.26292,83.1892,
4.69864,5.31005,63.6975,
4.69964,5.31543,62.0559,
4.70216,5.32909,57.5033,
4.68716,5.24775,90.8409,
4.70115,5.32362,59.603,
4.70343,5.33599,55.9868,
4.70317,5.3346,56.2258,
4.70652,5.35273,51.0722,
4.70626,5.35132,51.4064,
4.706,5.34992,51.7641,
4.69113,5.26932,81.0571,
4.69089,5.26803,81.3717,
4.70574,5.34852,52.1146,
4.69161,5.27191,80.2941,
4.69137,5.27062,80.7326,
4.69184,5.27319,79.4094,
4.7042,5.34016,54.8808,
4.70394,5.33879,55.4436,
4.70369,5.33739,55.7506,
4.72144,5.4335,35.0394,
4.72115,5.43198,35.176,
4.72087,5.43044,35.3618,
4.72059,5.4289,35.5731,
4.71779,5.41378,37.7297,
4.71752,5.41228,37.9539,
4.71724,5.41079,38.2004,
4.7189,5.4198,36.8981,
4.71863,5.41829,37.1494,
4.71835,5.41679,37.3728,
4.7073,5.35697,50.3436,
4.70704,5.35554,50.5324,
4.70678,5.35413,50.7909,
4.70887,5.36549,48.2664,
4.70861,5.36406,48.44,
4.70914,5.36692,48.208,
4.70835,5.36265,48.8332,
4.71477,5.39743,41.1516,
4.71153,5.37989,44.0572,
4.71127,5.37844,44.2296,
4.70994,5.37124,47.1917,
4.70967,5.36981,47.9012,
4.70941,5.36837,48.0964,
4.71261,5.38571,43.1078,
4.711,5.37699,44.4796,
4.71696,5.4093,38.6242,
4.71669,5.40781,39.1581,
4.71642,5.40633,39.8107,
4.72257,5.43965,34.8755,
4.68808,5.25277,88.1634,
4.71807,5.41529,37.5533,
4.71946,5.42281,36.3965,
4.71918,5.4213,36.6355,
4.72003,5.42587,36.0032,
4.71974,5.42434,36.2,
4.72031,5.42738,35.7932,
4.73219,5.49167,28.3742,
4.73189,5.49007,28.514,
4.7316,5.48846,28.6629,
4.76166,5.65099,21.3424,
4.76132,5.64914,21.3738,
4.76098,5.64729,21.4073,
4.72342,5.44425,33.5585,
4.73249,5.49328,28.2495,
4.73278,5.49489,28.1268,
4.7263,5.45983,31.6226,
4.72601,5.45826,31.7944,
4.72572,5.45669,31.9289,
4.72456,5.45043,32.4048,
4.72428,5.44888,32.5694,
4.72399,5.44733,32.7568,
4.72371,5.44579,33.1208,
4.731,5.48525,28.9555,
4.73071,5.48364,29.0875,
4.73041,5.48204,29.2196,
4.7313,5.48686,28.8128,
4.72747,5.46612,30.7977,
4.72717,5.46453,30.9899,
4.72688,5.46295,31.2137,
4.72514,5.45353,32.164,
4.72485,5.45198,32.2885,
4.72543,5.45511,32.0401,
4.72659,5.46139,31.434,
4.72805,5.46926,30.4617,
4.72776,5.46769,30.6314,
4.72863,5.47243,30.1367,
4.72834,5.47085,30.2939,
4.72922,5.47563,29.8565,
4.72893,5.47403,29.9956,
4.72982,5.47883,29.5363,
4.72952,5.47723,29.701,
4.73011,5.48044,29.372,
4.76063,5.64544,21.4408,
4.76029,5.64359,21.4722,
4.73399,5.50139,27.571,
4.73369,5.49977,27.6985,
4.73339,5.49815,27.8394,
4.73309,5.49652,27.9865,
4.762,5.65285,21.3148,
4.76235,5.6547,21.2876,
4.75658,5.62351,21.9794,
4.75624,5.62168,21.9892,
4.75692,5.62534,21.9842,
4.75029,5.58955,22.851,
4.74997,5.5878,22.9045,
4.74964,5.58604,22.9582,
4.75725,5.62716,21.9374,
4.75759,5.62898,21.8452,
4.74932,5.58429,23.0214,
4.749,5.58253,23.0899,
4.75259,5.60195,22.4668,
4.75226,5.60017,22.5207,
4.75292,5.60374,22.4103,
4.76338,5.6603,21.1931,
4.76304,5.65841,21.2254,
4.74867,5.58078,23.1593,
4.74835,5.57903,23.2256,
4.75391,5.60908,22.2608,
4.75358,5.60729,22.3045,
4.75424,5.61087,22.2175,
4.75457,5.61266,22.1721,
4.7549,5.61446,22.1258,
4.7559,5.61987,22.0147,
4.75557,5.61807,22.0444,
4.75524,5.61626,22.0828,
4.75826,5.6326,21.6882,
4.75792,5.63079,21.7509,
4.76269,5.65656,21.2573,
4.75961,5.63991,21.5297,
4.75928,5.63809,21.5645,
4.75894,5.63627,21.6033,
4.75995,5.64175,21.501,
4.73641,5.51449,26.5388,
4.73611,5.51285,26.6801,
4.7358,5.51121,26.8509,
4.7586,5.63444,21.6462,
4.75325,5.60551,22.3553,
4.75193,5.5984,22.5686,
4.7516,5.59663,22.6175,
4.75127,5.59485,22.6738,
4.75094,5.59306,22.734,
4.75062,5.59131,22.7937,
4.7352,5.50796,27.1352,
4.7349,5.50631,27.2807,
4.73459,5.50466,27.3918,
4.73429,5.50302,27.474,
4.7355,5.50958,26.9811,
4.73702,5.51779,26.2741,
4.73671,5.51614,26.4138,
4.73764,5.52114,26.091,
4.73733,5.51947,26.1621,
4.73826,5.52448,25.9829,
4.73795,5.52281,26.0492,
4.73887,5.5278,25.6831,
4.73856,5.52614,25.8548,
4.74355,5.55312,24.2739,
4.74324,5.55141,24.3666,
4.74387,5.55482,24.1893,
4.74104,5.53955,25.1047,
4.74073,5.53788,25.1947,
4.74135,5.54123,25.0046,
4.74482,5.55996,23.9732,
4.7445,5.55823,24.0498,
4.74514,5.56169,23.8929,
4.74674,5.57033,23.5535,
4.74642,5.56861,23.6194,
4.74706,5.57205,23.4838,
4.74738,5.57379,23.4127,
4.7477,5.57553,23.3454,
4.73948,5.53112,25.3925,
4.73918,5.52946,25.5081,
4.7461,5.56687,23.6815,
4.74578,5.56513,23.7442,
4.74802,5.57728,23.285,
4.74419,5.55653,24.1194,
4.74546,5.56341,23.8156,
4.74229,5.54631,24.6573,
4.74198,5.54461,24.7783,
4.74261,5.54801,24.5558,
4.74292,5.54971,24.4621,
4.74167,5.54292,24.9007,
4.74011,5.53449,25.3076,
4.7398,5.5328,25.35,
4.74042,5.53618,25.2588,
4.76408,5.66405,21.1385,
4.76373,5.66218,21.1633,
4.76442,5.66592,21.1139,
4.77726,5.73529,20.443,
4.7769,5.73333,20.4602,
4.77654,5.73136,20.4827,
4.76687,5.67912,20.9444,
4.76652,5.67722,20.967,
4.76722,5.68101,20.9206,
4.76617,5.67533,20.9879,
4.76582,5.67344,21.0091,
4.76792,5.68482,20.8746,
4.76757,5.68292,20.8969,
4.76547,5.67156,21.0333,
4.76512,5.66969,21.0596,
4.76477,5.6678,21.0873,
4.77507,5.72346,20.5269,
4.77471,5.72151,20.5374,
4.77435,5.71955,20.5489,
4.77076,5.70014,20.7153,
4.7704,5.69822,20.7322,
4.77005,5.69631,20.7492,
4.77219,5.70787,20.6426,
4.77183,5.70594,20.6597,
4.77148,5.70402,20.6781,
4.77112,5.70208,20.6971,
4.77617,5.72939,20.5033,
4.77581,5.72742,20.5158,
4.77874,5.74325,20.3933,
4.77837,5.74126,20.4046,
4.778,5.73926,20.4169,
4.77763,5.73727,20.43,
4.77399,5.7176,20.5636,
4.77363,5.71564,20.5798,
4.77327,5.7137,20.5966,
4.77291,5.71175,20.6128,
4.77255,5.70981,20.6275,
4.77544,5.72544,20.5198,
4.76969,5.69437,20.7697,
4.76933,5.69244,20.792,
4.76898,5.69054,20.8143,
4.76863,5.68863,20.8356,
4.76828,5.68672,20.8549,
4.79005,5.80434,20.165,
4.78966,5.80227,20.1702,
4.78928,5.8002,20.1757,
4.78171,5.75929,20.3164,
4.78134,5.75729,20.3246,
4.78096,5.75528,20.3328,
4.78245,5.76331,20.2986,
4.78208,5.7613,20.3077,
4.79082,5.80851,20.1558,
4.79043,5.80642,20.1604,
4.79237,5.81692,20.1362,
4.79199,5.81481,20.1408,
4.7916,5.81271,20.1458,
4.79121,5.81061,20.1509,
4.79788,5.84664,20.0869,
4.79748,5.84449,20.0896,
4.79708,5.84234,20.0923,
4.78395,5.77141,20.2668,
4.78358,5.76939,20.2739,
4.7832,5.76737,20.2812,
4.79471,5.82956,20.1127,
4.79432,5.82745,20.1164,
4.79393,5.82534,20.1204,
4.79315,5.82113,20.1285,
4.79276,5.81902,20.1323,
4.78283,5.76534,20.2896,
4.78889,5.79811,20.1814,
4.78851,5.79603,20.1868,
4.78584,5.78164,20.2288,
4.78546,5.77959,20.2351,
4.78622,5.78369,20.2226,
4.81007,5.91248,20.0304,
4.80965,5.91023,20.0315,
4.80924,5.90798,20.0325,
4.78813,5.79397,20.1918,
4.78775,5.79192,20.1969,
4.82238,5.97899,20.0097,
4.82195,5.97664,20.0101,
4.82282,5.98134,20.0094,
4.81552,5.94193,20.0183,
4.8151,5.93964,20.019,
4.81595,5.94422,20.0176,
4.81637,5.94652,20.0168,
4.8168,5.94882,20.0162,
4.82065,5.96964,20.0115,
4.82022,5.96732,20.012,
4.82108,5.97196,20.011,
4.80676,5.8946,20.0406,
4.80635,5.89239,20.042,
4.80594,5.89019,20.0436,
4.78509,5.77754,20.2426,
4.78471,5.77549,20.2507,
4.78433,5.77345,20.259,
4.77948,5.74726,20.3744,
4.77911,5.74525,20.3837,
4.78698,5.7878,20.2093,
4.7866,5.78575,20.2161,
4.78737,5.78986,20.2028,
4.80027,5.85957,20.0709,
4.79987,5.85741,20.0731,
4.79947,5.85526,20.0754,
4.81979,5.96498,20.0125,
4.81936,5.96265,20.0129,
4.81468,5.93737,20.0197,
4.81426,5.9351,20.0204,
4.81384,5.93282,20.0213,
4.81341,5.93053,20.0223,
4.81174,5.9215,20.0259,
4.81132,5.91925,20.027,
4.8109,5.91699,20.0281,
4.81299,5.92827,20.0233,
4.81258,5.92602,20.0242,
4.80268,5.87259,20.0572,
4.80228,5.87042,20.0591,
4.80188,5.86825,20.0609,
4.80841,5.90351,20.0352,
4.808,5.90129,20.0366,
4.80759,5.89907,20.038,
4.80717,5.89683,20.0393,
4.80553,5.88798,20.0452,
4.80512,5.88577,20.0467,
4.80472,5.88357,20.0481,
4.80431,5.88137,20.0496,
4.80882,5.90575,20.0338,
4.81049,5.91474,20.0293,
4.82369,5.98605,20.0086,
4.82326,5.98369,20.009,
4.82152,5.9743,20.0105,
4.82456,5.99076,20.0079,
4.82413,5.9884,20.0082,
4.81893,5.96034,20.0134,
4.81851,5.95804,20.014,
4.81765,5.95342,20.0151,
4.81722,5.95112,20.0157,
4.81808,5.95573,20.0146,
4.78059,5.75327,20.3426,
4.78022,5.75127,20.3533,
4.79354,5.82323,20.1245,
4.77985,5.74926,20.3641,
4.8039,5.87917,20.0514,
4.80349,5.87697,20.0533,
4.80309,5.87478,20.0553,
4.79629,5.83806,20.0991,
4.7959,5.83594,20.1027,
4.7955,5.83382,20.1062,
4.79511,5.83169,20.1094,
4.80148,5.86607,20.0633,
4.80107,5.86388,20.0659,
4.80067,5.86173,20.0684,
4.79907,5.8531,20.0781,
4.79868,5.85094,20.081,
4.81216,5.92376,20.0251,
4.79669,5.8402,20.0956,
4.79828,5.84879,20.084,
4.82631,6.00019,20.0066,
4.82587,5.99783,20.007,
4.82544,5.99547,20.0073,
4.825,5.99312,20.0076,
4.82808,6.00975,20.0058,
4.82764,6.00735,20.006,
4.82719,6.00496,20.0062,
4.83888,6.06809,20.0019,
4.83842,6.06561,20.002,
4.83796,6.06313,20.0021,
4.82675,6.00257,20.0064,
4.83298,6.03623,20.0034,
4.83253,6.03379,20.0036,
4.83344,6.03867,20.0033,
4.82896,6.0145,20.0052,
4.82852,6.01213,20.0055,
4.84072,6.07802,20.0016,
4.84026,6.07553,20.0017,
4.8398,6.07304,20.0018,
4.83614,6.0533,20.0025,
4.83569,6.05085,20.0026,
4.83524,6.0484,20.0027,
4.83164,6.02895,20.004,
4.83119,6.02652,20.0041,
4.83074,6.02409,20.0043,
4.83208,6.03137,20.0038,
4.84397,6.09555,20.0011,
4.8435,6.09304,20.0012,
4.83705,6.05821,20.0023,
4.8366,6.05576,20.0024,
4.83751,6.06067,20.0022,
4.83478,6.04596,20.0029,
4.83433,6.04352,20.003,
4.83388,6.04109,20.0031,
4.83934,6.07056,20.0018,
4.84211,6.08552,20.0014,
4.84165,6.08301,20.0015,
4.84258,6.08802,20.0013,
4.82985,6.01929,20.0046,
4.8294,6.0169,20.0048,
4.83029,6.02169,20.0044,
4.84118,6.08051,20.0015,
4.84304,6.09053,20.0013,
4.85199,6.13889,20.0005,
4.85152,6.13633,20.0005,
4.85104,6.13376,20.0005,
4.85876,6.17542,20.0002,
4.85827,6.17279,20.0002,
4.85779,6.17017,20.0003,
4.85391,6.14926,20.0004,
4.85343,6.14667,20.0004,
4.85295,6.14407,20.0004,
4.8617,6.19131,20.0002,
4.86121,6.18865,20.0002,
4.86072,6.186,20.0002,
4.86667,6.21812,20.0001,
4.86617,6.21542,20.0001,
4.86567,6.21272,20.0001,
4.86269,6.19662,20.0001,
4.8622,6.19397,20.0002,
4.86023,6.18335,20.0002,
4.85974,6.1807,20.0002,
4.86517,6.21003,20.0001,
4.86467,6.20734,20.0001,
4.86818,6.22623,20.0001,
4.86767,6.22353,20.0001,
4.86868,6.22894,20.0001,
4.86368,6.20199,20.0001,
4.86319,6.19931,20.0001,
4.86969,6.23441,20.0001,
4.86918,6.23168,20.0001,
4.85925,6.17806,20.0002,
4.86717,6.22082,20.0001,
4.8707,6.23985,20.0001,
4.87019,6.23713,20.0001,
4.86418,6.20466,20.0001,
4.85247,6.14148,20.0004,
4.85057,6.13119,20.0006,
4.85009,6.12862,20.0006,
4.85488,6.15447,20.0003,
4.8544,6.15187,20.0004,
4.85584,6.15969,20.0003,
4.85536,6.15708,20.0003,
4.84866,6.12091,20.0007,
4.84819,6.11836,20.0007,
4.84914,6.12346,20.0006,
4.84678,6.11074,20.0009,
4.84631,6.10821,20.001,
4.84725,6.11327,20.0008,
4.85681,6.1649,20.0003,
4.85633,6.1623,20.0003,
4.8573,6.16754,20.0003,
4.84584,6.10567,20.001,
4.84537,6.10312,20.001,
4.84961,6.12604,20.0006,
4.84772,6.11581,20.0008,
4.84443,6.09805,20.0011,
4.8449,6.10059,20.0011,
4.87477,6.26186,20,
4.87426,6.25911,20,
4.87375,6.25635,20,
4.88411,6.31229,20,
4.88358,6.30945,20,
4.88306,6.30662,20,
4.88835,6.33519,20,
4.88781,6.3323,20,
4.88728,6.32942,20,
4.89371,6.36415,20,
4.89317,6.36124,20,
4.89264,6.35833,20,
4.89643,6.3788,20,
4.89588,6.37586,20,
4.89697,6.38175,20,
4.89156,6.35252,20,
4.89102,6.34962,20,
4.89048,6.34671,20,
4.89971,6.39652,20,
4.89916,6.39356,20,
4.90026,6.39948,20,
4.90081,6.40246,20,
4.90137,6.40545,20,
4.9103,6.45369,20,
4.90974,6.45064,20,
4.90917,6.44759,20,
4.91371,6.47209,20,
4.91314,6.46901,20,
4.91257,6.46592,20,
4.90358,6.41738,20,
4.90302,6.41439,20,
4.90247,6.41139,20,
4.90749,6.43848,20,
4.90693,6.43546,20,
4.90805,6.4415,20,
4.88995,6.34382,20,
4.88941,6.34093,20,
4.90636,6.43243,20,
4.9058,6.42939,20,
4.90861,6.44455,20,
4.88675,6.32656,20,
4.88622,6.3237,20,
4.90525,6.42639,20,
4.90469,6.42338,20,
4.8948,6.37002,20,
4.89426,6.36708,20,
4.89807,6.38765,20,
4.89752,6.3847,20,
4.91144,6.4598,20,
4.91087,6.45675,20,
4.912,6.46286,20,
4.90192,6.40842,20,
4.90413,6.42038,20,
4.89861,6.3906,20,
4.91485,6.47824,20,
4.91428,6.47516,20,
4.91542,6.48133,20,
4.916,6.48442,20,
4.89534,6.37294,20,
4.88569,6.32085,20,
4.88516,6.31799,20,
4.8921,6.35542,20,
4.88888,6.33806,20,
4.88254,6.3038,20,
4.88202,6.30099,20,
4.87992,6.28969,20,
4.87941,6.2869,20,
4.87889,6.2841,20,
4.88464,6.31514,20,
4.88097,6.29535,20,
4.88045,6.29252,20,
4.87324,6.25359,20,
4.87273,6.25084,20,
4.87682,6.27295,20,
4.87631,6.27017,20,
4.87579,6.26738,20,
4.87528,6.26462,20,
4.88149,6.29817,20,
4.87171,6.24534,20.0001,
4.8712,6.24259,20.0001,
4.87786,6.27855,20,
4.87734,6.27575,20,
4.87222,6.24809,20,
4.87838,6.28132,20,
4.93361,6.57949,20,
4.93301,6.57625,20,
4.93241,6.57301,20,
4.93002,6.56015,20,
4.92943,6.55693,20,
4.92883,6.55371,20,
4.92824,6.55052,20,
4.92765,6.54734,20,
4.92529,6.53458,20,
4.9247,6.53142,20,
4.92412,6.52826,20,
4.92061,6.50935,20,
4.92004,6.50623,20,
4.91946,6.50311,20,
4.92706,6.54415,20,
4.92647,6.54095,20,
4.92588,6.53776,20,
4.92353,6.5251,20,
4.92295,6.52194,20,
4.93602,6.5925,20,
4.93541,6.58924,20,
4.93481,6.58599,20,
4.91715,6.49063,20,
4.91657,6.48752,20,
4.93421,6.58274,20,
4.93181,6.56979,20,
4.93121,6.56658,20,
4.92236,6.51879,20,
4.92178,6.51564,20,
4.93062,6.56336,20,
4.91888,6.49997,20,
4.9183,6.49684,20,
4.91772,6.49373,20,
4.9212,6.5125,20,
4.93965,6.61211,20,
4.93904,6.60882,20,
4.93843,6.60554,20,
4.94087,6.61871,20,
4.94026,6.61541,20,
4.96091,6.7268,20,
4.96027,6.72335,20,
4.95963,6.7199,20,
4.9622,6.73377,20,
4.96155,6.73029,20,
4.94333,6.63194,20,
4.94271,6.62863,20,
4.9421,6.62532,20,
4.95077,6.67214,20,
4.95015,6.66875,20,
4.94952,6.66537,20,
4.95899,6.71645,20,
4.95835,6.71301,20,
4.94827,6.65865,20,
4.94765,6.6553,20,
4.94703,6.65194,20,
4.95772,6.70959,20,
4.95708,6.70616,20,
4.95581,6.69929,20,
4.95518,6.69588,20,
4.95454,6.69248,20,
4.95391,6.68907,20,
4.95328,6.68567,20,
4.95265,6.68228,20,
4.95202,6.67888,20,
4.93722,6.59902,20,
4.93662,6.59576,20,
4.95644,6.70273,20,
4.9514,6.67551,20,
4.9489,6.66201,20,
4.94641,6.6486,20,
4.94579,6.64526,20,
4.94149,6.62201,20,
4.93783,6.60228,20,
4.94518,6.64193,20,
4.94456,6.63861,20,
4.94394,6.63527,20,
5.27655,6.96601,20,
5.27222,6.96601,20,
5.2679,6.96601,20,
5.24205,6.96601,20,
5.2378,6.96601,20,
5.23355,6.96601,20,
5.50311,6.96601,20,
5.49838,6.96601,20,
5.49366,6.96601,20,
5.44701,6.96601,20,
5.44234,6.96601,20,
5.43767,6.96601,20,
5.48896,6.96601,20,
5.48425,6.96601,20,
5.47495,6.96601,20,
5.47026,6.96601,20,
5.46557,6.96601,20,
5.46093,6.96601,20,
5.4563,6.96601,20,
5.45166,6.96601,20,
5.4796,6.96601,20,
5.43307,6.96601,20,
5.42847,6.96601,20,
5.51732,6.96601,20,
5.51258,6.96601,20,
5.50784,6.96601,20,
5.41026,6.96601,20,
5.40569,6.96601,20,
5.40112,6.96601,20,
5.41932,6.96601,20,
5.41479,6.96601,20,
5.4239,6.96601,20,
5.30278,6.96601,20,
5.29836,6.96601,20,
5.29394,6.96601,20,
5.37848,6.96601,20,
5.37399,6.96601,20,
5.38296,6.96601,20,
5.32032,6.96601,20,
5.31594,6.96601,20,
5.31156,6.96601,20,
5.28958,6.96601,20,
5.28523,6.96601,20,
5.39207,6.96601,20,
5.38752,6.96601,20,
5.30717,6.96601,20,
5.21644,6.96601,20,
5.21222,6.96601,20,
5.20799,6.96601,20,
5.19117,6.96601,20,
5.18702,6.96601,20,
5.18286,6.96601,20,
5.19956,6.96601,20,
5.19537,6.96601,20,
5.25933,6.96601,20,
5.255,6.96601,20,
5.25066,6.96601,20,
5.24636,6.96601,20,
5.20378,6.96601,20,
5.26362,6.96601,20,
5.22503,6.96601,20,
5.22073,6.96601,20,
5.28089,6.96601,20,
5.22929,6.96601,20,
5.07631,6.96601,20,
5.07234,6.96601,20,
5.06836,6.96601,20,
5.17865,6.96601,20,
5.17445,6.96601,20,
5.15785,6.96601,20,
5.15372,6.96601,20,
5.14958,6.96601,20,
5.17027,6.96601,20,
5.16609,6.96601,20,
5.16197,6.96601,20,
5.35603,6.96601,20,
5.35155,6.96601,20,
5.34707,6.96601,20,
5.33365,6.96601,20,
5.32919,6.96601,20,
5.33811,6.96601,20,
5.3695,6.96601,20,
5.36501,6.96601,20,
5.3966,6.96601,20,
5.36052,6.96601,20,
5.34259,6.96601,20,
5.32475,6.96601,20,
5.06438,6.96601,20,
5.06041,6.96601,20,
5.08439,6.96601,20,
5.08035,6.96601,20,
4.99282,6.89903,20,
4.99213,6.89532,20,
4.99144,6.89161,20,
5.12489,6.96601,20,
5.12082,6.96601,20,
5.11675,6.96601,20,
5.14542,6.96601,20,
5.14125,6.96601,20,
5.13306,6.96601,20,
5.12897,6.96601,20,
5.10869,6.96601,20,
5.10461,6.96601,20,
5.10053,6.96601,20,
4.96608,6.75471,20,
4.96543,6.7512,20,
4.96478,6.7477,20,
4.96413,6.74421,20,
4.96348,6.74071,20,
4.98058,6.83298,20,
4.97991,6.82938,20,
4.97925,6.82577,20,
5.13716,6.96601,20,
4.96284,6.73724,20,
4.96998,6.77577,20,
4.96933,6.77225,20,
4.96868,6.76874,20,
4.97658,6.81137,20,
4.97592,6.8078,20,
4.97525,6.80422,20,
5.00389,6.95879,20,
5.00322,6.95518,20,
5.00255,6.95157,20,
4.99558,6.91393,20,
4.99489,6.91019,20,
4.99419,6.90645,20,
4.99076,6.8879,20,
4.99007,6.88419,20,
5.03661,6.96601,20,
5.03268,6.96601,20,
5.02874,6.96601,20,
5.00523,6.96601,20,
5.00456,6.9624,20,
4.99836,6.92894,20,
4.99767,6.92519,20,
4.99697,6.92143,20,
4.96738,6.76172,20,
4.96673,6.75821,20,
4.97261,6.78994,20,
4.97195,6.78639,20,
4.97129,6.78284,20,
5.05644,6.96601,20,
5.05246,6.96601,20,
5.0485,6.96601,20,
5.04453,6.96601,20,
4.98192,6.84021,20,
4.98125,6.8366,20,
4.98327,6.84748,20,
4.98259,6.84384,20,
5.11272,6.96601,20,
5.09647,6.96601,20,
5.09241,6.96601,20,
4.98462,6.85478,20,
4.98394,6.85113,20,
4.98598,6.8621,20,
4.9853,6.85844,20,
4.96803,6.76523,20,
4.9887,6.87679,20,
4.98802,6.8731,20,
4.98733,6.86942,20,
4.97858,6.82216,20,
4.97791,6.81856,20,
4.97724,6.81497,20,
4.98665,6.86576,20,
5.04057,6.96601,20,
5.02094,6.96601,20,
5.017,6.96601,20,
5.01305,6.96601,20,
5.00914,6.96601,20,
5.02484,6.96601,20,
5.0884,6.96601,20,
4.99976,6.93647,20,
4.99906,6.9327,20,
4.98938,6.88049,20,
4.99351,6.90274,20,
4.97064,6.7793,20,
4.99627,6.91768,20,
4.97393,6.79705,20,
4.97327,6.7935,20,
4.97459,6.80064,20,
5.00185,6.94778,20,
5.00115,6.94399,20,
5.00045,6.94023,20,
5.51949,5.10736,20.0339,
5.56861,5.1134,20.0157,
5.57088,5.11368,20.015,
5.57315,5.11396,20.0141,
5.59144,5.1162,20.0096,
5.59375,5.11649,20.0092,
5.59606,5.11677,20.0087,
5.57768,5.11451,20.0126,
5.57998,5.1148,20.0124,
5.58228,5.11508,20.0123,
5.6287,5.12078,20.005,
5.63105,5.12107,20.0048,
5.6334,5.12136,20.0046,
5.55953,5.11228,20.0174,
5.5618,5.11256,20.0169,
5.56407,5.11284,20.0164,
5.55056,5.11118,20.0202,
5.55279,5.11145,20.0195,
5.55503,5.11173,20.0187,
5.55728,5.11201,20.018,
5.5283,5.10845,20.0293,
5.53053,5.10872,20.0281,
5.53275,5.10899,20.027,
5.53497,5.10926,20.0261,
5.5372,5.10954,20.0252,
5.5217,5.10763,20.0328,
5.52391,5.1079,20.0317,
5.5261,5.10817,20.0305,
5.57541,5.11423,20.0132,
5.58457,5.11536,20.0119,
5.58685,5.11564,20.0111,
5.54165,5.11009,20.0233,
5.54387,5.11036,20.0224,
5.5461,5.11063,20.0216,
5.54833,5.11091,20.0209,
5.53942,5.10981,20.0243,
5.56634,5.11312,20.0161,
5.58914,5.11592,20.0102,
5.61929,5.11963,20.0059,
5.62163,5.11991,20.0057,
5.62398,5.1202,20.0054,
5.62634,5.12049,20.0052,
5.60066,5.11734,20.008,
5.60299,5.11762,20.0077,
5.60531,5.11791,20.0074,
5.60996,5.11848,20.0069,
5.61229,5.11877,20.0066,
5.61462,5.11905,20.0063,
5.61696,5.11934,20.0061,
5.60764,5.11819,20.0072,
5.63578,5.12165,20.0044,
5.63816,5.12194,20.0042,
5.64054,5.12224,20.004,
5.64292,5.12253,20.0038,
5.59836,5.11705,20.0083,
5.6453,5.12282,20.0036,
5.64768,5.12311,20.0035,
5.65008,5.12341,20.0033,
5.65247,5.1237,20.0032,
5.8132,5.14345,20.0001,
5.81583,5.14377,20.0001,
5.81846,5.14409,20.0001,
5.79222,5.14087,20.0002,
5.79482,5.14119,20.0002,
5.79742,5.14151,20.0002,
5.8211,5.14442,20.0001,
5.82374,5.14474,20.0001,
5.80531,5.14248,20.0001,
5.80794,5.1428,20.0001,
5.80268,5.14215,20.0002,
5.83436,5.14605,20.0001,
5.83701,5.14637,20.0001,
5.83967,5.1467,20.0001,
5.88841,5.15269,20,
5.89116,5.15303,20,
5.89391,5.15336,20,
5.82638,5.14507,20.0001,
5.82903,5.14539,20.0001,
5.84771,5.14769,20.0001,
5.85039,5.14802,20.0001,
5.84503,5.14736,20.0001,
5.81057,5.14312,20.0001,
5.83169,5.14572,20.0001,
5.84235,5.14703,20.0001,
5.85308,5.14835,20.0001,
5.85577,5.14868,20,
5.77671,5.13896,20.0003,
5.77929,5.13928,20.0003,
5.78187,5.1396,20.0002,
5.80005,5.14183,20.0002,
5.7511,5.13582,20.0005,
5.75365,5.13613,20.0004,
5.75621,5.13645,20.0004,
5.72591,5.13272,20.0008,
5.7284,5.13303,20.0007,
5.7309,5.13334,20.0007,
5.78704,5.14023,20.0002,
5.78963,5.14055,20.0002,
5.72089,5.1321,20.0009,
5.7234,5.13241,20.0008,
5.73342,5.13364,20.0007,
5.73593,5.13395,20.0006,
5.65488,5.124,20.003,
5.65729,5.12429,20.0029,
5.65968,5.12459,20.0028,
5.66208,5.12488,20.0027,
5.66449,5.12518,20.0025,
5.6669,5.12547,20.0024,
5.66931,5.12577,20.0023,
5.67171,5.12606,20.0022,
5.67414,5.12636,20.0021,
5.67657,5.12666,20.002,
5.679,5.12696,20.0019,
5.68144,5.12726,20.0018,
5.68388,5.12756,20.0017,
5.68632,5.12786,20.0017,
5.68878,5.12816,20.0016,
5.69124,5.12846,20.0015,
5.69369,5.12876,20.0015,
5.69613,5.12906,20.0014,
5.70106,5.12967,20.0013,
5.70352,5.12997,20.0012,
5.70597,5.13027,20.0012,
5.6986,5.12937,20.0013,
5.74601,5.13519,20.0005,
5.74855,5.1355,20.0005,
5.71093,5.13088,20.001,
5.71341,5.13119,20.001,
5.7159,5.13149,20.0009,
5.71839,5.1318,20.0009,
5.74094,5.13457,20.0006,
5.74348,5.13488,20.0005,
5.70845,5.13058,20.0011,
5.75875,5.13676,20.0004,
5.76129,5.13707,20.0004,
5.73844,5.13426,20.0006,
5.76384,5.13738,20.0004,
5.7664,5.1377,20.0003,
5.76897,5.13801,20.0003,
5.77155,5.13833,20.0003,
5.77413,5.13865,20.0003,
5.78445,5.13991,20.0002,
5.8666,5.15001,20,
5.8693,5.15034,20,
5.872,5.15067,20,
5.87473,5.15101,20,
5.87747,5.15134,20,
5.8802,5.15168,20,
5.88293,5.15202,20,
5.88567,5.15235,20,
5.85847,5.14901,20,
5.86116,5.14934,20,
5.86388,5.14968,20,
5.97261,5.16303,20,
5.97547,5.16338,20,
5.97833,5.16374,20,
5.89944,5.15404,20,
5.90219,5.15438,20,
5.90495,5.15472,20,
5.96118,5.16163,20,
5.96403,5.16198,20,
5.96688,5.16233,20,
6.04867,5.17237,20,
6.05166,5.17274,20,
6.05466,5.17311,20,
5.98122,5.16409,20,
5.98411,5.16444,20,
5.99574,5.16587,20,
5.99864,5.16623,20,
6.00154,5.16658,20,
6.09092,5.17756,20,
6.09397,5.17794,20,
6.09701,5.17831,20,
5.89667,5.1537,20,
5.98701,5.1648,20,
5.98991,5.16516,20,
6.06066,5.17385,20,
6.06368,5.17422,20,
6.0667,5.17459,20,
6.07878,5.17607,20,
6.08181,5.17645,20,
6.08485,5.17682,20,
6.07271,5.17533,20,
6.07574,5.1757,20,
6.0697,5.17496,20,
6.05766,5.17348,20,
6.04275,5.17165,20,
6.04571,5.17201,20,
6.08788,5.17719,20,
6.03091,5.17019,20,
6.03386,5.17055,20,
6.03681,5.17092,20,
6.02498,5.16946,20,
6.02794,5.16983,20,
6.03978,5.17128,20,
6.00738,5.1673,20,
6.01029,5.16766,20,
6.0132,5.16802,20,
5.94983,5.16023,20,
5.95266,5.16058,20,
5.9555,5.16093,20,
5.99282,5.16551,20,
6.00446,5.16694,20,
6.01908,5.16874,20,
6.02203,5.1691,20,
6.01614,5.16838,20,
5.94416,5.15954,20,
5.947,5.15989,20,
5.96975,5.16268,20,
5.95834,5.16128,20,
5.9385,5.15884,20,
5.94133,5.15919,20,
5.90773,5.15506,20,
5.91051,5.1554,20,
5.9133,5.15574,20,
5.91608,5.15609,20,
5.92166,5.15677,20,
5.92446,5.15711,20,
5.92726,5.15746,20,
5.91887,5.15643,20,
5.93289,5.15815,20,
5.9357,5.1585,20,
5.93007,5.15781,20,
6.11544,5.18057,20,
6.11851,5.18095,20,
6.12158,5.18133,20,
6.10312,5.17906,20,
6.1062,5.17944,20,
6.10928,5.17982,20,
6.26549,5.199,20,
6.26881,5.1994,20,
6.26217,5.19859,20,
6.10007,5.17869,20,
6.1247,5.18171,20,
6.12781,5.18209,20,
6.13091,5.18247,20,
6.134,5.18285,20,
6.13711,5.18324,20,
6.14022,5.18362,20,
6.35999,5.2106,20,
6.36345,5.21102,20,
6.35653,5.21017,20,
6.11236,5.1802,20,
6.319,5.20557,20,
6.32237,5.20598,20,
6.31563,5.20515,20,
6.28208,5.20103,20,
6.2854,5.20144,20,
6.28872,5.20185,20,
6.15904,5.18593,20,
6.16218,5.18631,20,
6.16533,5.1867,20,
6.17483,5.18786,20,
6.17802,5.18826,20,
6.17165,5.18747,20,
6.1812,5.18865,20,
6.18439,5.18904,20,
6.14335,5.184,20,
6.14649,5.18439,20,
6.32578,5.2064,20,
6.32918,5.20682,20,
6.36692,5.21145,20,
6.37039,5.21187,20,
6.37386,5.2123,20,
6.37732,5.21273,20,
6.19395,5.19021,20,
6.19714,5.1906,20,
6.19076,5.18982,20,
6.30888,5.20432,20,
6.31226,5.20474,20,
6.15276,5.18516,20,
6.1559,5.18554,20,
6.18757,5.18943,20,
6.3326,5.20724,20,
6.33602,5.20765,20,
6.34969,5.20933,20,
6.35311,5.20975,20,
6.34626,5.20891,20,
6.34284,5.20849,20,
6.25887,5.19818,20,
6.25557,5.19778,20,
6.30217,5.2035,20,
6.30552,5.20391,20,
6.27212,5.19981,20,
6.27542,5.20021,20,
6.14962,5.18477,20,
6.3843,5.21358,20,
6.38779,5.21401,20,
6.39128,5.21444,20,
6.21643,5.19297,20,
6.21967,5.19337,20,
6.22291,5.19377,20,
6.20996,5.19218,20,
6.21319,5.19258,20,
6.20354,5.19139,20,
6.20675,5.19178,20,
6.22616,5.19417,20,
6.2294,5.19457,20,
6.23266,5.19497,20,
6.23592,5.19537,20,
6.16849,5.18709,20,
6.20034,5.191,20,
6.2392,5.19577,20,
6.24248,5.19617,20,
6.38081,5.21315,20,
6.29542,5.20267,20,
6.29879,5.20308,20,
6.27875,5.20062,20,
6.33943,5.20807,20,
6.29207,5.20226,20,
6.24903,5.19698,20,
6.2523,5.19738,20,
6.24575,5.19657,20,
6.42646,5.21876,20,
6.43,5.21919,20,
6.43355,5.21963,20,
6.39477,5.21487,20,
6.39826,5.2153,20,
6.43711,5.22007,20,
6.44067,5.2205,20,
6.41937,5.21789,20,
6.42291,5.21832,20,
6.46937,5.22403,20,
6.47299,5.22447,20,
6.47662,5.22492,20,
6.44782,5.22138,20,
6.45139,5.22182,20,
6.45496,5.22226,20,
6.45855,5.2227,20,
6.46215,5.22314,20,
6.46576,5.22359,20,
6.40526,5.21616,20,
6.40878,5.21659,20,
6.41229,5.21702,20,
6.41583,5.21745,20,
6.40176,5.21573,20,
6.44424,5.22094,20,
6.50573,5.22849,20,
6.50939,5.22894,20,
6.51306,5.22939,20,
6.54265,5.23302,20,
6.54637,5.23348,20,
6.5501,5.23394,20,
6.48023,5.22536,20,
6.48385,5.22581,20,
6.55382,5.2344,20,
6.55754,5.23485,20,
6.62585,5.30935,20,
6.62585,5.31333,20,
6.62585,5.30537,20,
6.62585,5.26974,20,
6.62585,5.27368,20,
6.62585,5.26579,20,
6.56129,5.23531,20,
6.56504,5.23577,20,
6.52044,5.2303,20,
6.52413,5.23075,20,
6.52783,5.23121,20,
6.53153,5.23166,20,
6.53523,5.23211,20,
6.5688,5.23624,20,
6.57256,5.2367,20,
6.51675,5.22985,20,
6.62585,5.43183,20,
6.62585,5.43603,20,
6.62585,5.42763,20,
6.53894,5.23257,20,
6.49842,5.2276,20,
6.50207,5.22804,20,
6.48749,5.22625,20,
6.49113,5.2267,20,
6.49478,5.22715,20,
6.57634,5.23716,20,
6.58012,5.23763,20,
6.58389,5.23809,20,
6.58766,5.23855,20,
6.62585,5.41513,20,
6.62585,5.41932,20,
6.62585,5.41094,20,
6.62585,5.29741,20,
6.62585,5.30139,20,
6.62585,5.474,20,
6.62585,5.47824,20,
6.62585,5.46977,20,
6.61049,5.24135,20,
6.61433,5.24183,20,
6.61817,5.2423,20,
6.62201,5.24277,20,
6.62585,5.24324,20,
6.62585,5.258,20,
6.62585,5.2619,20,
6.62585,5.2815,20,
6.62585,5.28548,20,
6.62585,5.28946,20,
6.62585,5.25062,20,
6.62585,5.25431,20,
6.62585,5.24693,20,
6.62585,5.4613,20,
6.62585,5.46553,20,
6.62585,5.27759,20,
6.62585,5.36569,20,
6.62585,5.36973,20,
6.62585,5.36165,20,
6.62585,5.40679,20,
6.62585,5.40265,20,
6.62585,5.35758,20,
6.62585,5.35351,20,
6.59145,5.23902,20,
6.59525,5.23948,20,
6.59905,5.23995,20,
6.60285,5.24042,20,
6.60667,5.24088,20,
6.62585,5.3253,20,
6.62585,5.32929,20,
6.62585,5.3213,20,
6.62585,5.38617,20,
6.62585,5.39028,20,
6.62585,5.39439,20,
6.62585,5.37384,20,
6.62585,5.37795,20,
6.62585,5.34546,20,
6.62585,5.34948,20,
6.62585,5.49098,20,
6.62585,5.49524,20,
6.62585,5.48673,20,
6.62585,5.45706,20,
6.62585,5.45283,20,
6.62585,5.4402,20,
6.62585,5.44436,20,
6.62585,5.4486,20,
6.62585,5.42348,20,
6.62585,5.39852,20,
6.62585,5.29343,20,
6.62585,5.38206,20,
6.62585,5.33733,20,
6.62585,5.3414,20,
6.62585,5.31731,20,
6.62585,5.48248,20,
6.62585,5.33331,20,
6.62585,5.63577,20,
6.62585,5.64029,20,
6.62585,5.64482,20,
6.62585,5.62225,20,
6.62585,5.62675,20,
6.62585,5.61776,20,
6.62585,5.6089,20,
6.62585,5.61333,20,
6.62585,5.69032,20,
6.62585,5.69494,20,
6.62585,5.69956,20,
6.62585,5.54286,20,
6.62585,5.54722,20,
6.62585,5.53849,20,
6.62585,5.70419,20,
6.62585,5.70881,20,
6.62585,5.66751,20,
6.62585,5.67205,20,
6.62585,5.66297,20,
6.62585,5.71343,20,
6.62585,5.71806,20,
6.62585,5.50813,20,
6.62585,5.51246,20,
6.62585,5.5038,20,
6.62585,5.52977,20,
6.62585,5.53413,20,
6.62585,5.72734,20,
6.62585,5.732,20,
6.62585,5.73666,20,
6.62585,5.7227,20,
6.62585,5.49952,20,
6.62585,5.68122,20,
6.62585,5.68577,20,
6.62585,5.65395,20,
6.62585,5.65846,20,
6.62585,5.63126,20,
6.62585,5.55158,20,
6.62585,5.55595,20,
6.62585,5.59998,20,
6.62585,5.60444,20,
6.62585,5.59116,20,
6.62585,5.59557,20,
6.62585,5.56907,20,
6.62585,5.57346,20,
6.62585,5.56469,20,
6.62585,5.57786,20,
6.62585,5.58227,20,
6.62585,5.64938,20,
6.62585,5.56032,20,
6.62585,5.78369,20,
6.62585,5.78844,20,
6.62585,5.79319,20,
6.62585,5.67663,20,
6.62585,5.58671,20,
6.62585,5.51675,20,
6.62585,5.52105,20,
6.62585,5.52541,20,
6.62585,5.87525,20,
6.62585,5.88013,20,
6.62585,5.87037,20,
6.62585,5.90462,20,
6.62585,5.90954,20,
6.62585,5.8997,20,
6.62585,5.88502,20,
6.62585,5.8899,20,
6.62585,5.85087,20,
6.62585,5.85575,20,
6.62585,5.86062,20,
6.62585,5.81224,20,
6.62585,5.81703,20,
6.62585,5.82183,20,
6.62585,5.8655,20,
6.62585,5.7554,20,
6.62585,5.76011,20,
6.62585,5.76483,20,
6.62585,5.84113,20,
6.62585,5.846,20,
6.62585,5.95939,20,
6.62585,5.9644,20,
6.62585,5.96942,20,
6.62585,5.91451,20,
6.62585,5.91948,20,
6.62585,5.8948,20,
6.62585,5.74137,20,
6.62585,5.74607,20,
6.62585,5.83151,20,
6.62585,5.83632,20,
6.62585,5.76951,20,
6.62585,5.77419,20,
6.62585,5.75074,20,
6.62585,5.82667,20,
6.62585,5.92935,20,
6.62585,5.93436,20,
6.62585,5.93936,20,
6.62585,5.77894,20,
6.62585,5.94437,20,
6.62585,5.94937,20,
6.62585,5.79795,20,
6.62585,5.8027,20,
6.62585,5.97445,20,
6.62585,5.97948,20,
6.62585,5.98453,20,
6.62585,5.98959,20,
6.62585,5.95438,20,
6.62585,5.92442,20,
6.62585,5.80747,20,
6.62585,5.99471,20,
6.62585,5.99982,20,
6.62585,6.00492,20,
6.62585,6.01002,20,
6.62585,6.04071,20,
6.62585,6.04586,20,
6.62585,6.05101,20,
6.62585,6.05619,20,
6.62585,6.06136,20,
6.62585,6.06659,20,
6.62585,6.07181,20,
6.62585,6.02015,20,
6.62585,6.02529,20,
6.62585,6.03042,20,
6.62585,6.09268,20,
6.62585,6.09791,20,
6.62585,6.08219,20,
6.62585,6.08743,20,
6.62585,6.077,20,
6.62585,6.01509,20,
6.62585,6.03557,20,
6.09718,6.96601,20,
6.09144,6.96601,20,
6.08569,6.96601,20,
6.02346,6.96601,20,
6.01789,6.96601,20,
6.02902,6.96601,20,
5.91872,6.96601,20,
5.9133,6.96601,20,
5.90788,6.96601,20,
5.98447,6.96601,20,
5.97896,6.96601,20,
5.97345,6.96601,20,
5.99551,6.96601,20,
5.98999,6.96601,20,
6.01228,6.96601,20,
6.00667,6.96601,20,
6.07426,6.96601,20,
6.0686,6.96601,20,
6.06295,6.96601,20,
6.05728,6.96601,20,
6.05161,6.96601,20,
6.07998,6.96601,20,
5.69872,6.96601,20,
5.69365,6.96601,20,
5.68858,6.96601,20,
5.92952,6.96601,20,
5.92412,6.96601,20,
6.04592,6.96601,20,
6.04023,6.96601,20,
6.03463,6.96601,20,
5.94044,6.96601,20,
5.93498,6.96601,20,
6.00109,6.96601,20,
5.7088,6.96601,20,
5.70376,6.96601,20,
5.95142,6.96601,20,
5.94593,6.96601,20,
5.96243,6.96601,20,
5.95692,6.96601,20,
5.96794,6.96601,20,
5.90243,6.96601,20,
5.89699,6.96601,20,
5.66852,6.96601,20,
5.66349,6.96601,20,
5.65846,6.96601,20,
5.65353,6.96601,20,
5.64861,6.96601,20,
5.85953,6.96601,20,
5.85424,6.96601,20,
5.86482,6.96601,20,
5.88623,6.96601,20,
5.88087,6.96601,20,
5.8755,6.96601,20,
5.87016,6.96601,20,
5.83833,6.96601,20,
5.83307,6.96601,20,
5.84359,6.96601,20,
5.84891,6.96601,20,
5.77549,6.96601,20,
5.77033,6.96601,20,
5.78065,6.96601,20,
5.80155,6.96601,20,
5.79631,6.96601,20,
5.79108,6.96601,20,
5.68357,6.96601,20,
5.67856,6.96601,20,
5.72918,6.96601,20,
5.72407,6.96601,20,
5.71897,6.96601,20,
5.71388,6.96601,20,
5.8173,6.96601,20,
5.81205,6.96601,20,
5.82256,6.96601,20,
5.67354,6.96601,20,
5.74455,6.96601,20,
5.73942,6.96601,20,
5.74968,6.96601,20,
5.76513,6.96601,20,
5.75994,6.96601,20,
5.7343,6.96601,20,
5.75481,6.96601,20,
5.82781,6.96601,20,
5.89161,6.96601,20,
5.78586,6.96601,20,
5.8068,6.96601,20,
5.63865,6.96601,20,
5.63369,6.96601,20,
5.62874,6.96601,20,
5.64363,6.96601,20,
5.60904,6.96601,20,
5.60417,6.96601,20,
5.5993,6.96601,20,
5.62383,6.96601,20,
5.61892,6.96601,20,
5.59442,6.96601,20,
5.58955,6.96601,20,
5.61398,6.96601,20,
5.57008,6.96601,20,
5.56523,6.96601,20,
5.56038,6.96601,20,
5.55555,6.96601,20,
5.55073,6.96601,20,
5.57981,6.96601,20,
5.57495,6.96601,20,
5.54595,6.96601,20,
5.54117,6.96601,20,
5.53636,6.96601,20,
5.53155,6.96601,20,
5.5268,6.96601,20,
5.52206,6.96601,20,
5.58468,6.96601,20,
6.62585,6.10836,20,
6.62585,6.11357,20,
6.62585,6.10315,20,
6.62585,6.12417,20,
6.62585,6.1295,20,
6.62585,6.13483,20,
6.62585,6.11887,20,
6.62585,6.2152,20,
6.62585,6.22063,20,
6.62585,6.20976,20,
6.62585,6.2261,20,
6.62585,6.23158,20,
6.62585,6.24794,20,
6.62585,6.25342,20,
6.62585,6.24245,20,
6.62585,6.19895,20,
6.62585,6.20436,20,
6.62585,6.14012,20,
6.62585,6.1454,20,
6.62585,6.1507,20,
6.62585,6.15601,20,
6.62585,6.17737,20,
6.62585,6.18276,20,
6.62585,6.18815,20,
6.62585,6.19355,20,
6.62585,6.26434,20,
6.62585,6.26988,20,
6.62585,6.27541,20,
6.62585,6.16672,20,
6.62585,6.17205,20,
6.62585,6.16137,20,
6.62585,6.28096,20,
6.62585,6.28651,20,
6.62585,6.23701,20,
6.62585,6.3536,20,
6.62585,6.35926,20,
6.62585,6.36493,20,
6.62585,6.42205,20,
6.62585,6.42782,20,
6.62585,6.4336,20,
6.62585,6.34229,20,
6.62585,6.34795,20,
6.62585,6.43938,20,
6.62585,6.44517,20,
6.62585,6.32551,20,
6.62585,6.33113,20,
6.62585,6.3199,20,
6.62585,6.41063,20,
6.62585,6.41634,20,
6.62585,6.29769,20,
6.62585,6.30323,20,
6.62585,6.30877,20,
6.62585,6.25888,20,
6.62585,6.33671,20,
6.62585,6.37062,20,
6.62585,6.3763,20,
6.62585,6.31434,20,
6.62585,6.2921,20,
6.62585,6.71547,20,
6.62585,6.72172,20,
6.62585,6.70922,20,
6.62585,6.46839,20,
6.62585,6.47426,20,
6.62585,6.48013,20,
6.62585,6.39346,20,
6.62585,6.39915,20,
6.62585,6.38776,20,
6.62585,6.45096,20,
6.62585,6.45675,20,
6.62585,6.46257,20,
6.62585,6.38203,20,
6.62585,6.40489,20,
6.46514,6.96601,20,
6.45882,6.96601,20,
6.47146,6.96601,20,
6.62585,6.56893,20,
6.62585,6.5749,20,
6.62585,6.56297,20,
6.27344,6.96601,20,
6.26742,6.96601,20,
6.2614,6.96601,20,
6.62585,6.5036,20,
6.62585,6.50951,20,
6.62585,6.51541,20,
6.62585,6.52724,20,
6.62585,6.53316,20,
6.62585,6.53908,20,
6.62585,6.4918,20,
6.62585,6.4977,20,
6.62585,6.48596,20,
6.62585,6.52133,20,
6.62585,6.67829,20,
6.62585,6.68445,20,
6.62585,6.67212,20,
6.62585,6.72795,20,
6.62585,6.73417,20,
6.62585,6.55098,20,
6.62585,6.55697,20,
6.62585,6.54503,20,
6.62585,6.61715,20,
6.62585,6.62321,20,
6.62585,6.6111,20,
6.62585,6.93294,20,
6.62585,6.93953,20,
6.62585,6.92635,20,
6.62585,6.62928,20,
6.62585,6.63536,20,
6.62585,6.69681,20,
6.62585,6.70302,20,
6.62585,6.64148,20,
6.62585,6.64761,20,
6.62585,6.6537,20,
6.62585,6.6598,20,
6.62585,6.66596,20,
6.62585,6.58093,20,
6.62585,6.58696,20,
6.62585,6.59299,20,
6.62585,6.59902,20,
6.62585,6.60506,20,
6.62585,6.69063,20,
6.22556,6.96601,20,
6.2196,6.96601,20,
6.21363,6.96601,20,
6.62585,6.94617,20,
6.62585,6.9528,20,
6.62585,6.75303,20,
6.62585,6.75932,20,
6.62585,6.74674,20,
6.62585,6.82267,20,
6.62585,6.82909,20,
6.62585,6.83551,20,
6.62585,6.85484,20,
6.62585,6.86129,20,
6.62585,6.84838,20,
6.58778,6.96601,20,
6.58124,6.96601,20,
6.57471,6.96601,20,
6.60711,6.96601,20,
6.60086,6.96601,20,
6.61335,6.96601,20,
6.62585,6.90674,20,
6.62585,6.91323,20,
6.62585,6.90025,20,
6.48419,6.96601,20,
6.47783,6.96601,20,
6.56817,6.96601,20,
6.56164,6.96601,20,
6.421,6.96601,20,
6.41473,6.96601,20,
6.40845,6.96601,20,
6.45247,6.96601,20,
6.44612,6.96601,20,
6.43984,6.96601,20,
6.43356,6.96601,20,
6.62585,6.86779,20,
6.62585,6.8743,20,
6.62585,6.91979,20,
6.62585,6.96601,20,
6.6196,6.96601,20,
6.62585,6.95941,20,
6.59432,6.96601,20,
6.62585,6.84195,20,
6.62585,6.88722,20,
6.62585,6.89374,20,
6.62585,6.80358,20,
6.62585,6.80996,20,
6.62585,6.79719,20,
6.62585,6.74045,20,
6.62585,6.78453,20,
6.62585,6.79086,20,
6.62585,6.81631,20,
6.62585,6.77191,20,
6.62585,6.77822,20,
6.62585,6.88076,20,
6.62585,6.76562,20,
6.55512,6.96601,20,
6.54861,6.96601,20,
6.54211,6.96601,20,
6.53562,6.96601,20,
6.38971,6.96601,20,
6.38348,6.96601,20,
6.39594,6.96601,20,
6.52273,6.96601,20,
6.51625,6.96601,20,
6.50978,6.96601,20,
6.42728,6.96601,20,
6.4022,6.96601,20,
6.50338,6.96601,20,
6.49697,6.96601,20,
6.49058,6.96601,20,
6.52917,6.96601,20,
6.32198,6.96601,20,
6.31586,6.96601,20,
6.30973,6.96601,20,
6.28549,6.96601,20,
6.27946,6.96601,20,
6.30364,6.96601,20,
6.29754,6.96601,20,
6.29152,6.96601,20,
6.33414,6.96601,20,
6.32806,6.96601,20,
6.2554,6.96601,20,
6.24939,6.96601,20,
6.24341,6.96601,20,
6.23743,6.96601,20,
6.23149,6.96601,20,
6.35878,6.96601,20,
6.35258,6.96601,20,
6.34637,6.96601,20,
6.37114,6.96601,20,
6.36496,6.96601,20,
6.20183,6.96601,20,
6.19594,6.96601,20,
6.19004,6.96601,20,
6.37731,6.96601,20,
6.34026,6.96601,20,
6.17827,6.96601,20,
6.1724,6.96601,20,
6.16652,6.96601,20,
6.20773,6.96601,20,
6.16068,6.96601,20,
6.15484,6.96601,20,
6.18416,6.96601,20,
6.14905,6.96601,20,
6.14327,6.96601,20,
6.13168,6.96601,20,
6.12586,6.96601,20,
6.12004,6.96601,20,
6.1143,6.96601,20,
6.10857,6.96601,20,
6.13747,6.96601,20,
6.10287,6.96601,20,